Case #1: 6 3 3 5 9 9 12
Case #2: 5 4 6 6 11 14
Case #3: 19 1 1 1 1 1 1 1 1 1 1 1 1 1 1 1 1 1 2 22
Case #4: 4 7 8 10 16
Case #5: 6 1 4 4 4 8 20
Case #6: 8 3 3 4 4 5 5 7 10
Case #7: 4 8 10 11 12
Case #8: 6 2 3 3 6 11 16
Case #9: 4 1 5 17 18
Case #10: 4 5 5 7 24
Case #11: 3 9 14 18
Case #12: 4 4 10 11 16
Case #13: 5 5 6 8 8 14
Case #14: 8 1 3 3 5 5 7 7 10
Case #15: 31 1 1 1 1 1 1 1 1 1 1 1 1 1 1 1 1 1 1 1 1 1 1 1 1 1 1 1 1 1 1 11
Case #16: 6 2 5 7 8 8 11
Case #17: -1
Case #18: 5 6 6 6 8 15
Case #19: -1
Case #20: 5 3 3 11 12 12
Case #21: 7 1 3 3 3 3 3 25
Case #22: 4 1 1 5 34
Case #23: 4 4 8 9 20
Case #24: 6 4 4 5 8 8 12
Case #25: -1
Case #26: 6 1 1 1 3 16 19
Case #27: -1
Case #28: 5 2 6 7 11 15
Case #29: 4 1 1 3 36
Case #30: 5 1 2 5 16 17
Case #31: 7 2 4 4 4 6 10 11
Case #32: 15 1 1 1 1 1 1 1 1 1 1 1 1 1 3 25
Case #33: 29 1 1 1 1 1 1 1 1 1 1 1 1 1 1 1 1 1 1 1 1 1 1 1 1 1 1 1 7 7
Case #34: 6 2 4 5 5 12 13
Case #35: 7 3 4 4 5 5 8 12
Case #36: 5 3 3 6 7 22
Case #37: -1
Case #38: 6 3 4 5 6 11 12
Case #39: 5 3 3 4 13 18
Case #40: -1
Case #41: 6 4 5 5 9 9 9
Case #42: 9 1 1 1 1 1 1 1 1 33
Case #43: -1
Case #44: 6 2 3 3 5 7 21
Case #45: 18 1 1 1 1 1 1 1 1 1 1 1 1 1 1 1 1 2 23
Case #46: 6 4 4 4 7 7 15
Case #47: 7 1 4 4 8 8 8 8
Case #48: 6 3 3 3 7 7 18
Case #49: 5 1 4 5 5 26
Case #50: 3 11 12 18
Case #51: 4 3 5 8 25
Case #52: -1
Case #53: -1
Case #54: -1
Case #55: 5 1 4 9 13 14
Case #56: 8 3 3 4 4 4 6 7 10
Case #57: -1
Case #58: 4 5 9 11 16
Case #59: 8 1 1 1 1 1 1 4 31
Case #60: 3 2 14 25
Case #61: -1
Case #62: -1
Case #63: 19 1 1 1 1 1 1 1 1 1 1 1 1 1 1 1 1 1 1 23
Case #64: 5 3 5 7 8 18
Case #65: 6 3 3 5 7 8 15
Case #66: 7 1 1 1 1 1 3 33
Case #67: 7 3 3 3 3 6 10 13
Case #68: 10 1 1 1 1 1 1 1 1 1 32
Case #69: 4 1 1 7 32
Case #70: -1
Case #71: 13 1 1 1 1 1 1 1 1 1 1 5 7 19
Case #72: 7 1 1 1 1 1 2 34
Case #73: 5 1 4 7 8 21
Case #74: 4 4 9 14 14
Case #75: -1
Case #76: -1
Case #77: -1
Case #78: 7 3 4 6 6 6 7 9
Case #79: 6 3 5 5 5 11 12
Case #80: 5 6 8 8 8 11
Case #81: 6 4 4 5 7 7 14
Case #82: -1
Case #83: 7 3 5 5 6 6 7 9
Case #84: 9 3 3 3 4 4 4 5 6 9
Case #85: 6 4 4 6 6 9 12
Case #86: 4 5 7 11 18
Case #87: 5 6 7 8 10 10
Case #88: 9 3 3 3 4 4 5 5 5 9
Case #89: 7 3 3 5 6 7 7 10
Case #90: -1
Case #91: 5 3 7 8 9 14
Case #92: 5 5 5 6 12 13
Case #93: -1
Case #94: -1
Case #95: 9 3 3 4 4 4 5 6 6 6
Case #96: 5 4 5 6 6 20
Case #97: 5 3 3 8 9 18
Case #98: 4 3 5 9 24
Case #99: 5 6 7 8 8 12
Case #100: 5 4 4 8 9 16
Case #101: 4 3 8 11 19
Case #102: 7 3 3 3 6 6 9 11
Case #103: 5 2 3 6 9 21
Case #104: 5 1 1 2 15 22
Case #105: 6 2 4 4 9 11 11
Case #106: 7 3 3 6 6 6 7 10
Case #107: -1
Case #108: 11 1 1 1 1 1 1 1 1 1 4 28
Case #109: 6 1 2 4 4 5 25
Case #110: 8 3 3 3 4 6 6 7 9
Case #111: 5 5 7 8 8 13
Case #112: 7 1 1 1 5 7 7 19
Case #113: 4 3 5 6 27
Case #114: 6 6 6 6 6 8 9
Case #115: 5 5 5 6 9 16
Case #116: 7 3 3 5 6 6 6 12
Case #117: 5 4 5 5 9 18
Case #118: 16 1 1 1 1 1 1 1 1 1 1 1 1 1 1 1 26
Case #119: -1
Case #120: 7 4 4 4 5 5 5 14
Case #121: 8 3 4 4 5 5 5 5 10
Case #122: -1
Case #123: 4 3 6 10 22
Case #124: 7 3 4 5 5 6 6 12
Case #125: 7 4 4 4 4 5 6 14
Case #126: 22 1 1 1 1 1 1 1 1 1 1 1 1 1 1 1 1 1 1 1 1 7 14
Case #127: 7 3 3 4 7 7 7 10
Case #128: 2 5 36
Case #129: -1
Case #130: 6 4 6 6 6 7 12
Case #131: 13 1 1 1 1 1 1 1 1 1 1 7 11 13
Case #132: 6 3 5 5 7 8 13
Case #133: 5 2 7 7 7 18
Case #134: 7 1 1 1 1 2 9 26
Case #135: 5 2 4 5 5 25
Case #136: 8 3 3 5 6 6 6 6 6
Case #137: 4 2 6 16 17
Case #138: -1
Case #139: 5 3 4 6 13 15
Case #140: 7 3 5 6 6 6 6 9
Case #141: 6 3 4 6 6 9 13
Case #142: 4 4 11 12 14
Case #143: 5 4 7 7 9 14
Case #144: 7 3 4 4 4 5 9 12
Case #145: 6 1 1 1 1 2 35
Case #146: -1
Case #147: 6 4 4 5 6 10 12
Case #148: -1
Case #149: 5 4 4 4 8 21
Case #150: 6 2 3 5 7 11 13
Case #151: 9 1 1 1 1 1 1 1 2 32
Case #152: 11 1 1 1 1 1 1 1 1 1 2 30
Case #153: 4 6 11 12 12
Case #154: 3 11 13 17
Case #155: -1
Case #156: 7 2 4 4 7 8 8 8
Case #157: 10 1 1 1 1 1 1 1 1 4 29
Case #158: 6 5 5 5 6 8 12
Case #159: 23 1 1 1 1 1 1 1 1 1 1 1 1 1 1 1 1 1 1 1 1 1 7 13
Case #160: -1
Case #161: 6 5 5 7 8 8 8
Case #162: 4 3 8 13 17
Case #163: 6 4 5 5 5 6 16
Case #164: 5 1 7 10 10 13
Case #165: -1
Case #166: 25 1 1 1 1 1 1 1 1 1 1 1 1 1 1 1 1 1 1 1 1 1 1 1 1 17
Case #167: 7 1 1 1 1 1 17 19
Case #168: -1
Case #169: 16 1 1 1 1 1 1 1 1 1 1 1 1 1 1 5 22
Case #170: 6 1 1 3 8 11 17
Case #171: 4 1 3 7 30
Case #172: 6 3 3 4 6 12 13
Case #173: 5 1 3 3 7 27
Case #174: 6 6 6 6 7 8 8
Case #175: 5 3 6 6 6 20
Case #176: 7 4 6 6 6 6 6 7
Case #177: 5 4 4 4 11 18
Case #178: 8 3 4 4 5 6 6 6 7
Case #179: 5 3 3 4 5 26
Case #180: 12 1 1 1 1 1 1 1 1 1 1 1 30
Case #181: 8 1 1 3 7 7 7 7 8
Case #182: 6 5 5 5 5 5 16
Case #183: 7 2 3 7 7 7 7 8
Case #184: -1
Case #185: 4 1 11 14 15
Case #186: 5 5 9 9 9 9
Case #187: 4 2 11 14 14
Case #188: -1
Case #189: 7 3 4 4 7 7 8 8
Case #190: 7 3 4 4 4 5 10 11
Case #191: 7 4 4 4 4 6 7 12
Case #192: 4 3 5 15 18
Case #193: 18 1 1 1 1 1 1 1 1 1 1 1 1 1 1 1 1 1 24
Case #194: 6 3 5 7 7 7 12
Case #195: 5 5 6 6 9 15
Case #196: 5 5 6 6 8 16
Case #197: 6 3 3 6 6 10 13
Case #198: 5 4 5 8 8 16
Case #199: 7 3 3 5 6 6 9 9
Case #200: -1
Case #201: 7 1 1 1 1 1 4 32
Case #202: 6 1 4 4 5 13 14
Case #203: 17 1 1 1 1 1 1 1 1 1 1 1 1 1 1 1 3 23
Case #204: -1
Case #205: 6 4 4 4 6 10 13
Case #206: 5 5 6 7 8 15
Case #207: 7 1 1 3 3 3 5 25
Case #208: 6 3 3 5 7 11 12
Case #209: 4 6 8 8 19
Case #210: 5 5 6 9 10 11
Case #211: 8 3 4 4 4 4 4 6 12
Case #212: 5 7 7 8 9 10
Case #213: 6 4 4 4 6 9 14
Case #214: 5 3 6 7 12 13
Case #215: 6 5 5 5 6 6 14
Case #216: 4 3 9 11 18
Case #217: 4 7 8 8 18
Case #218: 8 4 4 4 4 5 5 6 9
Case #219: 7 4 4 5 5 5 6 12
Case #220: 4 3 11 11 16
Case #221: -1
Case #222: 8 3 4 4 4 4 4 9 9
Case #223: 6 5 5 5 5 9 12
Case #224: 4 1 4 15 21
Case #225: 5 4 4 7 10 16
Case #226: 7 3 4 6 6 6 6 10
Case #227: -1
Case #228: 4 4 5 12 20
Case #229: 3 1 17 23
Case #230: 3 4 9 28
Case #231: 5 3 8 9 9 12
Case #232: -1
Case #233: 5 4 5 6 8 18
Case #234: 6 1 2 7 7 8 16
Case #235: 4 3 7 8 23
Case #236: 8 1 1 1 1 1 3 16 17
Case #237: 6 4 5 5 6 6 15
Case #238: 7 3 4 5 6 6 7 10
Case #239: 5 4 4 9 11 13
Case #240: 4 3 8 9 21
Case #241: 19 1 1 1 1 1 1 1 1 1 1 1 1 1 1 1 1 1 7 17
Case #242: 5 2 5 5 14 15
Case #243: -1
Case #244: 7 3 3 4 4 5 9 13
Case #245: 6 5 6 6 6 7 11
Case #246: 4 2 5 12 22
Case #247: 5 6 6 7 7 15
Case #248: 6 4 5 6 6 6 14
Case #249: 5 4 6 7 8 16
Case #250: 8 3 3 3 3 6 6 7 10
Case #251: 7 3 4 4 6 6 6 12
Case #252: 7 2 4 5 7 7 8 8
Case #253: -1
Case #254: 6 4 4 4 4 5 20
Case #255: 6 4 5 6 8 8 10
Case #256: 6 4 4 8 8 8 9
Case #257: 5 4 5 7 7 18
Case #258: 6 5 6 6 6 9 9
Case #259: 6 2 3 4 5 8 19
Case #260: 6 2 3 4 8 11 13
Case #261: 9 3 3 4 4 4 4 5 5 9
Case #262: 6 3 5 7 7 9 10
Case #263: 7 4 4 5 6 6 7 9
Case #264: 11 1 1 1 1 1 1 1 1 1 1 31
Case #265: 3 10 13 18
Case #266: 3 5 9 27
Case #267: 7 4 5 6 6 6 6 8
Case #268: 5 4 4 7 8 18
Case #269: -1
Case #270: 5 1 3 5 5 27
Case #271: 7 4 4 5 6 6 6 10
Case #272: 21 1 1 1 1 1 1 1 1 1 1 1 1 1 1 1 1 1 1 1 9 13
Case #273: 7 1 1 1 5 5 11 17
Case #274: 10 3 3 3 3 3 4 4 4 5 9
Case #275: 4 4 6 9 22
Case #276: -1
Case #277: 6 4 4 6 7 9 11
Case #278: 4 3 3 10 25
Case #279: 7 5 5 5 5 6 6 9
Case #280: 6 3 3 3 5 10 17
Case #281: -1
Case #282: -1
Case #283: 9 2 3 4 4 5 5 5 5 8
Case #284: 7 3 3 4 6 6 7 12
Case #285: 2 9 32
Case #286: 10 1 4 4 4 4 4 4 4 4 8
Case #287: -1
Case #288: 4 5 10 12 14
Case #289: 3 4 5 32
Case #290: 6 1 3 5 5 9 18
Case #291: 6 1 1 1 1 3 34
Case #292: 40 1 1 1 1 1 1 1 1 1 1 1 1 1 1 1 1 1 1 1 1 1 1 1 1 1 1 1 1 1 1 1 1 1 1 1 1 1 1 1 2
Case #293: -1
Case #294: 7 1 1 1 1 1 1 35
Case #295: 7 3 3 4 5 5 10 11
Case #296: 2 2 39
Case #297: 6 1 3 3 10 11 13
Case #298: 4 2 7 8 24
Case #299: 7 3 4 4 5 5 6 14
Case #300: 5 5 6 8 10 12
Case #301: 6 2 5 5 8 8 13
Case #302: 7 4 4 4 4 5 5 15
Case #303: 4 3 7 9 22
Case #304: 6 4 5 5 7 10 10
Case #305: -1
Case #306: 6 3 3 5 9 10 11
Case #307: 9 1 1 1 1 1 1 1 4 30
Case #308: 6 5 5 5 7 9 10
Case #309: 5 6 7 9 9 10
Case #310: 5 8 8 8 8 9
Case #311: -1
Case #312: 4 4 6 7 24
Case #313: 3 6 14 21
Case #314: 5 1 4 4 8 24
Case #315: 3 12 14 15
Case #316: -1
Case #317: 6 1 1 4 7 8 20
Case #318: 8 3 3 3 3 3 8 9 9
Case #319: 3 10 11 20
Case #320: 26 1 1 1 1 1 1 1 1 1 1 1 1 1 1 1 1 1 1 1 1 1 1 1 1 1 16
Case #321: 4 1 4 11 25
Case #322: 7 3 4 5 5 5 5 14
Case #323: -1
Case #324: 5 3 3 3 5 27
Case #325: 6 3 5 7 7 8 11
Case #326: 4 3 3 16 19
Case #327: 6 4 4 6 6 10 11
Case #328: -1
Case #329: 7 4 5 5 6 6 7 8
Case #330: 8 2 3 4 4 4 8 8 8
Case #331: -1
Case #332: 8 2 3 4 4 4 5 8 11
Case #333: -1
Case #334: 5 6 6 6 9 14
Case #335: 4 1 7 9 24
Case #336: 7 4 4 4 4 5 8 12
Case #337: -1
Case #338: 5 1 3 6 9 22
Case #339: 5 5 6 6 6 18
Case #340: 6 4 6 6 8 8 9
Case #341: -1
Case #342: 6 3 3 6 6 11 12
Case #343: 4 5 7 9 20
Case #344: 4 1 5 16 19
Case #345: -1
Case #346: 6 4 5 5 6 7 14
Case #347: 4 5 10 11 15
Case #348: 11 1 1 1 1 1 1 1 1 1 3 29
Case #349: 5 2 3 9 9 18
Case #350: 6 4 4 6 6 6 15
Case #351: 4 3 7 7 24
Case #352: 8 3 4 4 4 4 5 5 12
Case #353: 33 1 1 1 1 1 1 1 1 1 1 1 1 1 1 1 1 1 1 1 1 1 1 1 1 1 1 1 1 1 1 1 1 9
Case #354: 5 6 6 7 10 12
Case #355: 7 3 4 4 4 7 7 12
Case #356: 4 4 4 9 24
Case #357: 3 6 17 18
Case #358: 6 3 3 5 7 10 13
Case #359: 5 3 6 9 11 12
Case #360: 27 1 1 1 1 1 1 1 1 1 1 1 1 1 1 1 1 1 1 1 1 1 1 1 1 1 5 11
Case #361: -1
Case #362: 8 3 3 4 5 5 6 6 9
Case #363: 6 1 3 3 5 10 19
Case #364: 6 3 3 3 9 10 13
Case #365: 25 1 1 1 1 1 1 1 1 1 1 1 1 1 1 1 1 1 1 1 1 1 1 1 5 13
Case #366: 4 6 10 10 15
Case #367: 6 3 3 7 7 10 11
Case #368: 8 3 4 4 6 6 6 6 6
Case #369: 24 1 1 1 1 1 1 1 1 1 1 1 1 1 1 1 1 1 1 1 1 1 1 1 18
Case #370: -1
Case #371: 5 4 4 5 8 20
Case #372: 4 3 7 13 18
Case #373: -1
Case #374: 7 4 4 5 5 7 8 8
Case #375: 6 3 5 6 6 10 11
Case #376: 9 3 3 3 3 3 3 6 7 10
Case #377: 6 3 6 6 6 6 14
Case #378: -1
Case #379: 5 3 4 8 13 13
Case #380: -1
Case #381: -1
Case #382: 7 4 4 4 4 8 8 9
Case #383: 32 1 1 1 1 1 1 1 1 1 1 1 1 1 1 1 1 1 1 1 1 1 1 1 1 1 1 1 1 1 1 1 10
Case #384: 3 2 7 32
Case #385: 4 1 2 14 24
Case #386: 6 1 3 7 8 11 11
Case #387: 3 9 12 20
Case #388: -1
Case #389: -1
Case #390: 5 5 7 9 10 10
Case #391: -1
Case #392: 6 4 6 6 7 9 9
Case #393: 6 1 1 1 2 17 19
Case #394: 5 3 8 8 11 11
Case #395: -1
Case #396: 6 2 4 4 7 8 16
Case #397: -1
Case #398: 4 4 5 11 21
Case #399: 9 2 4 4 4 4 4 4 6 9
Case #400: 3 3 6 32
Case #401: 4 2 7 16 16
Case #402: 6 5 5 6 6 7 12
Case #403: 5 4 4 6 9 18
Case #404: 7 4 4 4 5 6 6 12
Case #405: -1
Case #406: 7 5 5 5 6 6 6 8
Case #407: 8 3 4 4 4 4 5 7 10
Case #408: 7 3 3 5 5 5 6 14
Case #409: 4 4 4 13 20
Case #410: -1
Case #411: 7 3 3 4 7 7 8 9
Case #412: 6 2 3 6 9 10 11
Case #413: 5 1 1 1 2 36
Case #414: 9 3 3 4 4 4 4 4 5 10
Case #415: 4 3 5 7 26
Case #416: -1
Case #417: 7 4 4 4 4 5 10 10
Case #418: -1
Case #419: -1
Case #420: -1
Case #421: 4 1 3 10 27
Case #422: 6 3 4 4 7 9 14
Case #423: -1
Case #424: 5 4 5 7 10 15
Case #425: 5 5 5 6 10 15
Case #426: 6 4 4 5 6 8 14
Case #427: 6 3 3 7 8 9 11
Case #428: -1
Case #429: 4 2 5 7 27
Case #430: 6 2 5 5 6 11 12
Case #431: 6 3 4 4 8 9 13
Case #432: -1
Case #433: 3 7 10 24
Case #434: 4 6 6 9 20
Case #435: -1
Case #436: 5 3 3 3 7 25
Case #437: 5 6 7 7 9 12
Case #438: 5 3 3 5 5 25
Case #439: 13 1 1 1 1 1 1 1 1 1 1 1 5 25
Case #440: 3 2 9 30
Case #441: 4 3 4 10 24
Case #442: 6 4 4 4 5 8 16
Case #443: 6 4 6 6 6 8 11
Case #444: 8 1 1 1 1 1 1 2 33
Case #445: 6 4 5 5 7 8 12
Case #446: 4 2 8 10 21
Case #447: 6 4 4 5 5 7 16
Case #448: 5 4 7 7 7 16
Case #449: 5 1 2 7 10 21
Case #450: 4 1 1 1 38
Case #451: 4 1 6 7 27
Case #452: 17 1 1 1 1 1 1 1 1 1 1 1 1 1 1 1 2 24
Case #453: 5 4 6 6 9 16
Case #454: -1
Case #455: 8 2 4 4 4 4 6 7 10
Case #456: 5 1 1 2 5 32
Case #457: -1
Case #458: 5 4 5 6 11 15
Case #459: 19 1 1 1 1 1 1 1 1 1 1 1 1 1 1 1 1 1 3 21
Case #460: 5 2 7 7 10 15
Case #461: 4 3 10 10 18
Case #462: 4 6 7 10 18
Case #463: 8 3 3 5 5 5 5 5 10
Case #464: 4 5 6 6 24
Case #465: 21 1 1 1 1 1 1 1 1 1 1 1 1 1 1 1 1 1 1 1 11 11
Case #466: 8 3 5 5 5 5 6 6 6
Case #467: 25 1 1 1 1 1 1 1 1 1 1 1 1 1 1 1 1 1 1 1 1 1 1 1 7 11
Case #468: 4 7 7 11 16
Case #469: 4 5 6 15 15
Case #470: 6 3 3 3 10 11 11
Case #471: 5 6 6 8 8 13
Case #472: 4 2 6 12 21
Case #473: -1
Case #474: 6 5 6 6 6 6 12
Case #475: 6 1 1 5 5 13 16
Case #476: 6 1 1 1 1 1 36
Case #477: 6 1 4 4 4 12 16
Case #478: 23 1 1 1 1 1 1 1 1 1 1 1 1 1 1 1 1 1 1 1 1 1 3 17
Case #479: 3 7 7 27
Case #480: 3 5 18 18
Case #481: 6 3 3 4 4 10 17
Case #482: 11 1 1 1 1 1 1 1 1 1 5 27
Case #483: 6 3 3 7 9 9 10
Case #484: 8 3 4 4 4 5 5 6 10
Case #485: 5 3 4 7 13 14
Case #486: -1
Case #487: 7 1 1 1 1 3 7 27
Case #488: 8 2 4 4 5 5 5 6 10
Case #489: 6 2 5 7 7 10 10
Case #490: 5 1 1 11 14 14
Case #491: 5 2 7 8 8 16
Case #492: -1
Case #493: -1
Case #494: 5 3 3 6 12 17
Case #495: -1
Case #496: 8 4 4 4 4 4 4 8 9
Case #497: 5 4 6 7 9 15
Case #498: 5 5 8 8 8 12
Case #499: 21 1 1 1 1 1 1 1 1 1 1 1 1 1 1 1 1 1 1 1 1 21
Case #500: 3 6 16 19
Case #501: 6 3 5 5 5 8 15
Case #502: 10 3 3 3 3 3 3 3 3 8 9
Case #503: 7 3 3 3 5 9 9 9
Case #504: 8 2 3 4 5 5 7 7 8
Case #505: 4 5 9 9 18
Case #506: 5 4 5 6 10 16
Case #507: 6 3 6 6 6 9 11
Case #508: 4 10 10 10 11
Case #509: 3 1 3 37
Case #510: -1
Case #511: 7 3 3 4 5 5 9 12
Case #512: 5 4 4 6 6 21
Case #513: 5 1 1 2 9 28
Case #514: 5 5 6 7 11 12
Case #515: 8 1 1 1 1 1 3 7 26
Case #516: 5 6 6 6 7 16
Case #517: 6 4 5 6 6 9 11
Case #518: 9 3 3 3 3 3 5 5 6 10
Case #519: 3 5 6 30
Case #520: 3 5 17 19
Case #521: 9 3 4 4 4 4 4 5 5 8
Case #522: 5 1 4 4 9 23
Case #523: 5 6 6 8 10 11
Case #524: 8 3 4 4 4 4 6 6 10
Case #525: 8 1 1 1 1 1 1 1 34
Case #526: 6 5 5 6 7 9 9
Case #527: -1
Case #528: 8 3 4 4 4 5 5 7 9
Case #529: 3 6 15 20
Case #530: 7 4 4 4 5 6 8 10
Case #531: 6 1 1 3 3 10 23
Case #532: 6 1 3 7 7 7 16
Case #533: 8 3 4 4 5 5 5 7 8
Case #534: 6 3 5 5 7 9 12
Case #535: 6 4 4 4 9 9 11
Case #536: 6 3 4 4 5 12 13
Case #537: 8 3 4 5 5 6 6 6 6
Case #538: 4 5 8 12 16
Case #539: 6 4 5 5 8 8 11
Case #540: 5 6 6 6 11 12
Case #541: 4 1 7 16 17
Case #542: -1
Case #543: 6 3 4 5 6 7 16
Case #544: 6 1 2 7 10 10 11
Case #545: -1
Case #546: -1
Case #547: -1
Case #548: 5 3 5 6 13 14
Case #549: -1
Case #550: -1
Case #551: 10 3 3 3 3 3 3 3 5 5 10
Case #552: 6 3 3 7 7 9 12
Case #553: 9 3 3 3 3 3 5 6 6 9
Case #554: -1
Case #555: -1
Case #556: 4 2 4 10 25
Case #557: 7 3 4 5 7 7 7 8
Case #558: 5 6 6 9 10 10
Case #559: 6 2 3 7 8 8 13
Case #560: -1
Case #561: 17 1 1 1 1 1 1 1 1 1 1 1 1 1 1 1 1 25
Case #562: 19 1 1 1 1 1 1 1 1 1 1 1 1 1 1 1 1 1 4 20
Case #563: 7 4 4 4 6 6 7 10
Case #564: 9 3 3 3 3 3 4 4 9 9
Case #565: 41 1 1 1 1 1 1 1 1 1 1 1 1 1 1 1 1 1 1 1 1 1 1 1 1 1 1 1 1 1 1 1 1 1 1 1 1 1 1 1 1 1
Case #566: -1
Case #567: 5 1 1 1 1 37
Case #568: 4 2 3 4 32
Case #569: 3 9 16 16
Case #570: -1
Case #571: 6 5 5 6 6 9 10
Case #572: 7 5 5 6 6 6 6 7
Case #573: 5 3 5 5 10 18
Case #574: 6 1 8 8 8 8 8
Case #575: 5 1 1 1 3 35
Case #576: 6 4 6 6 7 8 10
Case #577: 7 4 4 4 5 8 8 8
Case #578: 7 4 5 5 5 6 6 10
Case #579: 7 3 4 5 5 5 8 11
Case #580: 6 3 3 3 5 9 18
Case #581: 5 2 7 7 9 16
Case #582: 6 5 5 6 6 6 13
Case #583: 10 1 1 1 1 1 1 1 1 3 30
Case #584: 4 3 8 12 18
Case #585: 6 3 4 7 8 8 11
Case #586: -1
Case #587: 8 3 4 4 4 4 7 7 8
Case #588: 8 2 4 4 5 5 5 8 8
Case #589: 4 4 5 6 26
Case #590: -1
Case #591: 4 3 5 12 21
Case #592: 4 6 7 8 20
Case #593: 4 3 5 13 20
Case #594: -1
Case #595: 8 3 3 3 3 5 7 7 10
Case #596: 17 1 1 1 1 1 1 1 1 1 1 1 1 1 1 1 4 22
Case #597: 7 4 4 6 6 6 6 9
Case #598: -1
Case #599: 3 8 9 24
Case #600: 5 3 3 6 13 16
Case #601: 8 3 4 4 4 5 6 6 9
Case #602: 6 3 3 5 5 12 13
Case #603: 7 4 4 4 4 7 9 9
Case #604: 7 4 5 5 5 5 5 12
Case #605: 7 4 4 5 5 6 7 10
Case #606: 4 6 8 9 18
Case #607: 16 1 1 1 1 1 1 1 1 1 1 1 1 1 1 2 25
Case #608: 5 5 8 8 10 10
Case #609: 5 3 4 7 8 19
Case #610: -1
Case #611: 8 1 1 3 3 5 5 10 13
Case #612: 29 1 1 1 1 1 1 1 1 1 1 1 1 1 1 1 1 1 1 1 1 1 1 1 1 1 1 1 1 13
Case #613: 5 3 5 6 6 21
Case #614: 10 2 3 4 4 4 4 4 4 4 8
Case #615: 4 4 5 16 16
Case #616: 8 4 4 4 4 5 6 6 8
Case #617: 4 4 4 6 27
Case #618: -1
Case #619: 6 4 4 4 8 9 12
Case #620: 6 2 3 3 5 13 15
Case #621: 5 3 4 8 8 18
Case #622: 7 2 3 4 4 4 8 16
Case #623: 15 1 1 1 1 1 1 1 1 1 1 1 1 1 5 23
Case #624: -1
Case #625: 6 3 7 7 8 8 8
Case #626: 6 4 5 6 6 8 12
Case #627: 5 4 5 9 11 12
Case #628: 38 1 1 1 1 1 1 1 1 1 1 1 1 1 1 1 1 1 1 1 1 1 1 1 1 1 1 1 1 1 1 1 1 1 1 1 1 1 4
Case #629: -1
Case #630: -1
Case #631: 6 1 1 1 1 5 32
Case #632: 14 1 1 1 1 1 1 1 1 1 1 1 1 1 28
Case #633: 13 1 1 1 1 1 1 1 1 1 1 1 3 27
Case #634: 5 4 5 7 9 16
Case #635: 6 2 3 4 7 8 17
Case #636: -1
Case #637: 7 3 4 4 5 5 10 10
Case #638: 21 1 1 1 1 1 1 1 1 1 1 1 1 1 1 1 1 1 1 1 5 17
Case #639: 6 4 6 7 8 8 8
Case #640: -1
Case #641: 12 1 1 1 1 1 1 1 1 1 1 2 29
Case #642: 7 3 3 6 6 7 7 9
Case #643: 4 7 10 10 14
Case #644: -1
Case #645: 6 1 1 2 5 16 16
Case #646: 6 6 6 6 6 7 10
Case #647: 34 1 1 1 1 1 1 1 1 1 1 1 1 1 1 1 1 1 1 1 1 1 1 1 1 1 1 1 1 1 1 1 1 1 8
Case #648: 4 7 8 12 14
Case #649: 7 3 4 4 6 7 7 10
Case #650: 14 1 1 1 1 1 1 1 1 1 1 1 1 2 27
Case #651: 5 6 6 9 9 11
Case #652: 6 2 3 3 3 3 27
Case #653: 5 2 4 8 11 16
Case #654: 7 3 5 5 6 6 6 10
Case #655: 6 3 4 6 6 6 16
Case #656: 3 8 12 21
Case #657: 4 3 4 12 22
Case #658: 6 4 4 5 6 9 13
Case #659: 4 7 8 11 15
Case #660: 7 3 4 5 5 6 9 9
Case #661: 4 3 11 12 15
Case #662: 4 7 7 9 18
Case #663: 15 1 1 1 1 1 1 1 1 1 1 1 1 1 2 26
Case #664: 6 3 4 4 8 11 11
Case #665: -1
Case #666: 5 5 5 6 11 14
Case #667: 6 5 6 6 6 8 10
Case #668: 8 3 3 3 3 5 5 9 10
Case #669: 5 5 5 9 10 12
Case #670: 7 3 4 4 4 5 8 13
Case #671: -1
Case #672: 5 2 3 5 8 23
Case #673: -1
Case #674: 5 5 5 8 8 15
Case #675: 6 2 3 4 8 8 16
Case #676: 37 1 1 1 1 1 1 1 1 1 1 1 1 1 1 1 1 1 1 1 1 1 1 1 1 1 1 1 1 1 1 1 1 1 1 1 1 5
Case #677: 9 3 4 4 4 4 4 4 4 10
Case #678: 7 5 6 6 6 6 6 6
Case #679: 4 6 8 11 16
Case #680: 6 1 1 1 7 9 22
Case #681: -1
Case #682: 20 1 1 1 1 1 1 1 1 1 1 1 1 1 1 1 1 1 1 2 21
Case #683: 7 4 4 4 4 5 9 11
Case #684: 6 4 4 5 5 11 12
Case #685: 4 3 7 10 21
Case #686: 7 3 4 4 4 7 8 11
Case #687: 8 3 3 3 5 6 6 6 9
Case #688: -1
Case #689: 9 2 3 4 4 4 4 4 8 8
Case #690: 5 3 5 7 10 16
Case #691: 7 2 3 5 5 7 8 11
Case #692: 4 5 6 8 22
Case #693: 5 3 3 6 10 19
Case #694: 6 4 5 6 7 7 12
Case #695: 4 3 3 3 32
Case #696: 6 6 6 6 7 7 9
Case #697: 8 4 4 4 4 4 5 7 9
Case #698: -1
Case #699: 4 6 6 11 18
Case #700: 8 4 4 4 5 6 6 6 6
Case #701: -1
Case #702: 5 3 3 4 12 19
Case #703: 7 4 4 4 4 4 9 12
Case #704: 5 4 6 6 12 13
Case #705: -1
Case #706: -1
Case #707: 10 3 3 3 3 3 3 3 3 7 10
Case #708: 5 4 4 6 10 17
Case #709: 5 1 5 10 10 15
Case #710: -1
Case #711: 8 3 3 4 4 6 6 6 9
Case #712: -1
Case #713: 13 1 1 1 1 1 1 1 1 1 1 1 4 26
Case #714: 4 1 1 2 37
Case #715: 4 4 6 13 18
Case #716: 7 3 5 5 5 5 6 12
Case #717: 6 3 5 6 9 9 9
Case #718: 4 6 9 10 16
Case #719: 6 3 4 4 6 9 15
Case #720: 7 4 4 4 5 5 7 12
Case #721: -1
Case #722: 5 2 3 9 10 17
Case #723: -1
Case #724: 6 2 3 5 5 5 21
Case #725: 21 1 1 1 1 1 1 1 1 1 1 1 1 1 1 1 1 1 1 1 3 19
Case #726: 7 4 4 5 6 6 8 8
Case #727: 6 4 4 4 4 12 13
Case #728: 5 1 1 6 16 17
Case #729: 13 1 1 1 1 1 1 1 1 1 1 1 2 28
Case #730: 7 4 4 5 5 7 7 9
Case #731: -1
Case #732: 7 3 3 4 4 9 9 9
Case #733: -1
Case #734: 7 3 3 4 5 7 7 12
Case #735: -1
Case #736: 8 3 3 3 4 4 6 9 9
Case #737: -1
Case #738: 5 4 4 7 9 17
Case #739: 6 3 5 6 6 9 12
Case #740: 7 3 3 4 4 4 10 13
Case #741: 6 4 5 5 6 9 12
Case #742: 4 8 8 10 15
Case #743: 6 1 4 5 5 10 16
Case #744: 6 3 5 5 6 6 16
Case #745: -1
Case #746: 8 1 1 1 1 1 1 3 32
Case #747: 5 6 6 8 9 12
Case #748: 6 3 3 8 9 9 9
Case #749: 9 3 3 3 3 4 4 5 7 9
Case #750: 7 2 4 4 4 7 9 11
Case #751: 5 1 10 10 10 10
Case #752: 3 8 8 25
Case #753: -1
Case #754: 7 3 3 4 4 6 10 11
Case #755: 5 3 5 5 8 20
Case #756: 8 3 3 3 5 5 5 7 10
Case #757: -1
Case #758: 3 10 15 16
Case #759: 5 4 5 7 12 13
Case #760: -1
Case #761: 3 7 14 20
Case #762: -1
Case #763: -1
Case #764: 5 5 5 5 8 18
Case #765: 7 3 3 3 5 6 10 11
Case #766: 23 1 1 1 1 1 1 1 1 1 1 1 1 1 1 1 1 1 1 1 1 1 1 19
Case #767: 4 2 4 14 21
Case #768: 8 3 3 4 5 5 5 6 10
Case #769: 6 4 4 6 9 9 9
Case #770: 6 4 4 5 6 7 15
Case #771: 3 7 12 22
Case #772: 6 3 4 4 7 10 13
Case #773: 4 7 9 10 15
Case #774: 27 1 1 1 1 1 1 1 1 1 1 1 1 1 1 1 1 1 1 1 1 1 1 1 1 1 1 15
Case #775: -1
Case #776: 8 2 3 3 3 5 5 5 15
Case #777: 7 3 3 3 6 7 9 10
Case #778: -1
Case #779: 6 3 5 6 6 7 14
Case #780: 4 5 10 10 16
Case #781: 4 5 5 10 21
Case #782: -1
Case #783: -1
Case #784: 8 3 3 3 3 3 5 10 11
Case #785: 5 2 3 8 11 17
Case #786: 5 1 3 7 8 22
Case #787: 8 3 3 4 4 5 6 6 10
Case #788: 3 6 10 25
Case #789: 9 1 1 1 1 1 1 1 3 31
Case #790: 6 1 2 4 5 13 16
Case #791: 6 3 4 6 7 7 14
Case #792: -1
Case #793: 5 4 4 5 9 19
Case #794: -1
Case #795: 5 1 1 1 6 32
Case #796: -1
Case #797: 6 5 5 6 6 8 11
Case #798: 10 1 1 1 1 1 1 1 1 2 31
Case #799: 7 2 3 4 4 7 8 13
Case #800: 8 4 4 4 4 4 4 5 12
Case #801: 8 4 4 4 4 4 5 6 10
Case #802: 3 2 3 36
Case #803: 6 3 5 5 5 7 16
Case #804: 6 1 1 1 3 11 24
Case #805: 6 3 7 7 7 8 9
Case #806: -1
Case #807: 5 4 4 5 14 14
Case #808: 6 5 6 7 7 8 8
Case #809: 16 1 1 1 1 1 1 1 1 1 1 1 1 1 1 4 23
Case #810: -1
Case #811: 9 3 3 3 3 5 6 6 6 6
Case #812: 4 8 9 12 12
Case #813: 5 3 4 8 9 17
Case #814: -1
Case #815: 6 5 5 6 7 8 10
Case #816: -1
Case #817: 5 3 7 7 8 16
Case #818: -1
Case #819: -1
Case #820: 9 3 4 4 4 4 4 4 5 9
Case #821: -1
Case #822: 8 4 4 5 5 5 6 6 6
Case #823: 6 2 3 5 5 11 15
Case #824: 7 3 3 5 5 5 8 12
Case #825: 6 4 4 5 6 6 16
Case #826: 6 5 6 6 8 8 8
Case #827: 8 3 3 3 3 3 3 10 13
Case #828: 5 3 6 6 9 17
Case #829: -1
Case #830: 22 1 1 1 1 1 1 1 1 1 1 1 1 1 1 1 1 1 1 1 1 1 20
Case #831: -1
Case #832: 7 2 3 5 5 5 8 13
Case #833: -1
Case #834: 13 1 1 1 1 1 1 1 1 1 1 3 7 21
Case #835: 7 3 4 4 5 5 9 11
Case #836: 5 3 6 7 7 18
Case #837: 16 1 1 1 1 1 1 1 1 1 1 1 1 1 1 6 21
Case #838: 3 6 11 24
Case #839: 6 3 5 5 5 5 18
Case #840: 8 3 4 4 5 5 5 6 9
Case #841: 4 4 6 10 21
Case #842: 7 4 5 6 6 6 7 7
Case #843: 5 3 5 6 11 16
Case #844: -1
Case #845: 6 1 3 3 7 10 17
Case #846: 6 3 6 6 7 9 10
Case #847: 3 1 10 30
Case #848: 4 5 9 12 15
Case #849: 5 4 7 10 10 10
Case #850: 7 5 5 5 5 5 8 8
Case #851: 9 1 1 1 1 1 1 1 7 27
Case #852: 4 3 7 12 19
Case #853: 2 1 40
Case #854: 6 3 4 4 5 8 17
Case #855: 6 3 6 6 7 7 12
Case #856: 4 9 10 10 12
Case #857: 2 20 21
Case #858: 6 4 4 6 8 8 11
Case #859: 6 1 3 3 3 5 26
Case #860: 13 1 1 1 1 1 1 1 1 1 1 1 1 29
Case #861: 9 3 3 3 4 5 5 6 6 6
Case #862: 7 4 4 6 6 6 7 8
Case #863: -1
Case #864: -1
Case #865: 5 7 7 7 10 10
Case #866: 5 3 4 11 11 12
Case #867: -1
Case #868: 8 4 4 4 4 4 6 6 9
Case #869: 6 4 4 6 6 7 14
Case #870: 5 4 4 6 7 20
Case #871: 5 3 6 6 11 15
Case #872: 3 5 12 24
Case #873: -1
Case #874: 4 3 3 8 27
Case #875: 25 1 1 1 1 1 1 1 1 1 1 1 1 1 1 1 1 1 1 1 1 1 1 1 3 15
Case #876: 7 4 4 4 6 6 8 9
Case #877: 20 1 1 1 1 1 1 1 1 1 1 1 1 1 1 1 1 1 1 1 22
Case #878: 4 5 8 10 18
Case #879: -1
Case #880: -1
Case #881: 8 1 1 3 3 3 3 9 18
Case #882: -1
Case #883: 4 8 8 9 16
Case #884: -1
Case #885: 5 5 5 5 10 16
Case #886: 8 3 3 3 5 5 6 6 10
Case #887: 5 6 6 6 10 13
Case #888: 4 3 6 16 16
Case #889: 5 1 1 3 17 19
Case #890: 8 3 5 5 5 5 5 5 8
Case #891: 4 2 3 16 20
Case #892: 6 6 6 6 6 6 11
Case #893: -1
Case #894: 3 10 10 21
Case #895: 5 5 7 7 10 12
Case #896: 6 3 5 6 6 6 15
Case #897: 4 8 9 10 14
Case #898: 4 4 6 6 25
Case #899: 7 4 4 4 6 7 7 9
Case #900: 6 4 5 8 8 8 8
Case #901: -1
Case #902: 5 2 3 3 16 17
Case #903: 5 3 5 5 6 22
Case #904: 7 2 3 4 8 8 8 8
Case #905: 8 3 3 5 5 6 6 6 7
Case #906: 4 5 8 8 20
Case #907: 19 1 1 1 1 1 1 1 1 1 1 1 1 1 1 1 1 1 5 19
Case #908: 7 4 5 5 6 6 6 9
Case #909: 7 4 5 5 5 6 8 8
Case #910: 11 1 4 4 4 4 4 4 4 4 4 4
Case #911: 5 5 6 9 9 12
Case #912: 9 2 3 4 4 4 4 5 7 8
Case #913: -1
Case #914: 4 4 8 8 21
Case #915: -1
Case #916: 5 6 6 7 9 13
Case #917: -1
Case #918: -1
Case #919: 7 4 4 4 6 7 8 8
Case #920: 4 6 6 10 19
Case #921: 6 3 4 6 6 7 15
Case #922: 6 3 3 4 8 11 12
Case #923: 8 2 4 4 4 4 7 7 9
Case #924: 8 4 4 4 5 5 5 5 9
Case #925: 39 1 1 1 1 1 1 1 1 1 1 1 1 1 1 1 1 1 1 1 1 1 1 1 1 1 1 1 1 1 1 1 1 1 1 1 1 1 1 3
Case #926: 4 4 7 10 20
Case #927: 3 3 16 22
Case #928: 10 3 3 3 3 3 3 5 6 6 6
Case #929: -1
Case #930: 35 1 1 1 1 1 1 1 1 1 1 1 1 1 1 1 1 1 1 1 1 1 1 1 1 1 1 1 1 1 1 1 1 1 1 7
Case #931: -1
Case #932: 3 1 2 38
Case #933: 12 1 1 1 1 1 1 1 1 1 1 3 28
Case #934: 5 3 4 5 12 17
Case #935: 6 3 4 5 5 8 16
Case #936: 5 1 4 5 12 19
Case #937: 6 4 4 6 7 8 12
Case #938: 5 4 4 4 12 17
Case #939: 6 3 3 6 6 9 14
Case #940: 7 3 4 5 6 6 6 11
Case #941: 6 3 3 3 3 10 19
Case #942: 6 2 7 8 8 8 8
Case #943: 5 4 4 7 11 15
Case #944: 5 1 4 7 13 16
Case #945: -1
Case #946: 5 6 8 8 9 10
Case #947: 4 1 3 8 29
Case #948: 5 3 5 8 12 13
Case #949: -1
Case #950: 5 1 1 1 19 19
Case #951: -1
Case #952: -1
Case #953: 7 3 4 4 6 6 9 9
Case #954: 9 4 4 4 4 4 4 4 5 8
Case #955: 3 2 6 33
Case #956: -1
Case #957: 36 1 1 1 1 1 1 1 1 1 1 1 1 1 1 1 1 1 1 1 1 1 1 1 1 1 1 1 1 1 1 1 1 1 1 1 6
Case #958: 28 1 1 1 1 1 1 1 1 1 1 1 1 1 1 1 1 1 1 1 1 1 1 1 1 1 1 1 14
Case #959: 6 4 4 4 6 11 12
Case #960: -1
