960
43740
22176
44
8960
10240
252000
10560
19008
1530
4200
2268
7040
26880
110250
11
49280
517759
25920
559
14256
6075
170
5760
61440
5767201
912
71805
13860
108
2720
84480
75
49
31200
115200
8316
194241
47520
8424
641
72900
33
85712697
13230
46
47040
65536
23814
2600
2376
3000
2097152
8660
127
6552
241920
983900459
7920
124
700
476014
813
23
15120
37800
99
63180
32
224
23115571
665
68
4704
7056
673921
989447237
33108
163296
49500
33792
54880
6037
170100
466560
62208
6930
33600
486000
132300
2403381
21168
23400
432255
501
622080
14400
11664
3240
32256
18432
5016
96228
6804
660
34848
136080
5657
112
4000
244944
29120
4655
2430
93312
21600
116640
16200
26
48238
112000
300000
3509575
3960
129600
107520
98
123480
180
4943
72576
1001
54600
12348
468
5000
349920
3264
621008
14040
174960
50544
7392
24696
103680
70
53940
57600
8772
10752
30030
64
60
9504
2431
346742385
114688
116
72000
91
1000000000
89600
5304
48000
9100
113
17
323
7390
110
4488
630
33696
1701
96768
12960
217728
12672
362880
4680
30
57624
50000
115248
282791
2310
32805
4312
64922375
150528
105600
129024
4050
24
61740
24300
23040
42120
20480
131220
82
128
14560
69
926315427
49920
25200
3375
41580
7296
29700
221184
35280
48384
19656
63000
5346
8064
345600
144000
5808
7025
248832
67500
1260
17920
155520
226151256
4800
391
1008
23328
118263990
17280
12544
3864
816
54000
151200
20592
4536
119
10500
61966
84240
83160
2640
26460
60480
21504
204120
124416
125440
89
25600
76800
73728
17640
87480
18240
27456
518400
66150
181440
31
2340
1215
207360
16128
94
2025
172800
117
4675
699840
4752
122877509
66528
2250
202500
22950
47
1741
480000
108864
288
524288
964532929
8400
640
12150
102
2
214573
35
99000
78
12870
2688
100800
28800
41600
96000
4158
70000
482421315
44550
120
78750
34020
36864
36283838
4032
1764
3072
2520
5601
4480
157464
2200
16
1100
105000
653477439
3645
64680
2736
63360
4539685
201600
196608
5297
168960
11085765
27216
1512
122880
83
3564
19440
82944
999999998
42768
6300
1520
91857
58800
8250
87
8748
51840
3528
230400
9
30240
112896
3456
1836
40950
21384
55
35503
291600
8550
31590
65
9000
48510
373248
18
71
12800
4914
1671
179200
59400
306180
54432
957262828
16224
70235461
6541551
147456
10
448
672
20328
2160
998506315
967669583
31500
103
81648
646
23232
9489
28672
129
4620
442368
576
3584
75600
15552
138240
85881
216000
268800
94500
4160
994617
127008
35640
72
460800
2730
97
128000
457481
281
782
810
42336
2906162
21000
22500
53760
49896
8347
1890
39600
44928
42755209
1680
6480
934
4725
31752
5625
125
540
2880
40960
76032
66
67200
3360
44800
21952
2940
38
1134
48
20736
633
215040
320
8087519
19800
63
14700
5400
7560
281250
4320
121
405000
77
8624
6750
32670
29952
3024
67893369
77760
5200
36
12288
51
1323
1620
24480
135
51030
288000
15288
79
567
240000
49000
2156
14336
409342369
922505446
11016
949106497
294912
22680
30720
21
1824
45000
472392
98415
235200
7290
19200
64152
11000
111
131
97200
12096
504
27720
546
24192
71280
364500
900
1615
614400
3312
31680
276480
34
85050
58054077
302400
1800
153600
2070
16464
336000
56700
57024
37440
388800
7680
70400
28512
1904
21383
40320
15400
43
80949857
625433749
16380
8372259
2707
546750
47628
393660
109
1000000
2000
164640
32400
34944
904152917
25
80
161280
314928
1
981028563
37
768
2304
47473
81000
226800
13500
32768
105
80640
163840
180000
132000
21870
14112
70200
90
5184
59136
118
301056
256000
3120
900360029
3780
6720
3900
688978813
198450
88
186624
122
1728
11232
311040
35100
145152
150000
168000
7776
50
32000
12768
59
29250
13
11340
786432
5120
368640
2592
92317161
55296
17550
13824
49152
115
1001604
75264
69120
23760
4
998244353
7897861
160
28
81
20160
22848
473
120000
85
86016
986129769
58
142884
9800
536870912
2560
90720
8
9408
141120
54
32076
4374
11264
162000
41472
2016
3168
56160
9240
145800
5940
7938
52
46464
5721
23100
86400
182250
27000
99840
1817
5520
9409159
24000
24576
5
491520
233280
8448
1386
589833267
42
126720
52800
4410
118272
262440
106
393216
16800
92400
5280
10260
70560
864
95256
322560
9827
7128
414720
30973
8208
110592
22464
395
4733
459270
16320
7500
38497
279936
5044
104
74
5616
135000
65610
8640
38880
134400
123
9180
86
15750
57
184320
39936
1632
56
176400
362
104976
6765
105840
3157819
209952
999999937
17136
58320
74880
64800
9600
16000
43200
73
96
31104
52488
408240
88704
10000
1600
101
95040
12000
236250
519
2400
21840
8826131
1960
67
34111
18000
89100
19
2352
270000
69984
50400
1848
43680
9450
15
53
101250
102060
510205
52920
8000
5250
746803744
100696425
133650
8976
3696
259200
1500
93
8320
49392
697106497
13680
938017885
192
954158175
79200
62
69888
245760
307200
216
42000
792
74088
3371
15680
94080
92
987
524880
10368
14688
474
84000
322081025
18816
7785
9425
552960
8015864
432000
24750
108000
46080
92160
94770
16524
25490988
20
84579
78000
27184698
441
118800
15876
126
1584
33750
324000
5040
211680
15840
47958485
10710
68040
300
8100
28000
200000
189
4788
40
32640
63504
10800
420
67584
3510
29
583200
193536
7389
916855204
34300
17424
257
331776
56448
13440
17820
1440
193
1944
45
165888
22
7200
1249
5073
13122
961175759
9216
999999999
20000
243000
28080
4608
969
375000
1920
85536
107
2100
29400
48600
10080
3600
169344
81920
79548
4896
9900
98304
340200
6400
95
194400
192000
1048576
29160
430080
7455307
5376
971866761
29484
2618049
42105
172032
6840
45360
38016
225792
360000
3
5600
1056
787320
131980
7
587234
76
84
12240
38400
4560
64512
13056
40824
142560
15390
57344
18480
5824
25002
34560
696
18720
725573
361
82268566
33401221
139968
655360
396
6399199
6
14
50688
805306368
